RAW range_ip:
[0.0, 0.0, 0.0, 0.0, 0.0, 0.0, 0.0, 0.0, 0.0, 0.0, 0.0, 0.0, 0.0, 0.0, 0.0, 0.0, 0.0, 0.0, 0.0, 0.0, 0.0, 0.0, 0.0, 0.0, 0.0, 0.0, 0.0, 0.0, 0.0, 0.0, 0.0, 0.0, 0.0, 0.0, 0.0, 0.0, 0.0, 0.0, 0.0, 0.0, 0.0, 0.0, 0.0, 0.0, 0.0, 0.0, 0.0, 0.0, 0.0, 0.0, 0.0, 0.0, 0.0, 0.0, 0.0, 0.0, 0.0, 0.0, 0.0, 0.0, 0.0, 0.0, 0.0, 0.0, 0.0, 0.0, 0.0, 0.0, 0.0, 0.0, 0.0, 0.989, 0.52, 0.0, 0.0, 0.0, 0.0, 0.0, 0.0, 0

RAW range_oop:
[0.0, 0.0, 0.0, 0.0, 0.0, 0.0, 0.0, 0.0, 0.0, 0.0, 0.0, 0.0, 0.0, 0.0, 0.0, 0.0, 0.0, 0.0, 0.0, 0.0, 0.0, 0.0, 0.0, 0.0, 0.0, 0.0, 0.0, 0.0, 0.0, 0.0, 0.0, 0.0, 0.0, 0.0, 0.0, 0.0, 0.0, 0.0, 0.0, 0.0, 0.0, 0.0, 0.0, 0.0, 0.0, 0.0, 0.0, 0.0, 0.0, 0.0, 0.0, 0.0, 0.0, 0.0, 0.0, 0.0, 0.0, 0.0, 0.0, 0.0, 0.0, 0.0, 0.0, 0.0, 0.0, 0.0, 0.0, 0.0, 0.0, 0.0, 0.0, 0.989, 0.52, 0.0, 0.0, 0.0, 0.0, 0.0, 0.0, 0

MONKER range_ip:
98s:0.989000,97s:0.520000,87s:1.000000,86s:1.000000,77:0.077000,76s:1.000000,75s:0.385000,66:0.836000,65s:0.843000,55:0.517000,44:0.593000,33:1.000000,22:1.000000

MONKER range_oop:
98s:0.989000,97s:0.520000,87s:1.000000,86s:1.000000,77:0.077000,76s:1.000000,75s:0.385000,66:0.836000,65s:0.843000,55:0.517000,44:0.593000,33:1.000000,22:1.000000
