RAW range_ip:
[0.664, 1.0, 0.101, 0.0, 0.0, 0.0, 0.0, 0.0, 0.0, 0.0, 0.0, 0.0, 0.0, 0.0, 1.0, 0.0, 0.0, 0.0, 0.0, 0.0, 0.0, 0.0, 0.0, 0.0, 0.0, 0.0, 0.0, 0.0, 1.0, 0.0, 0.0, 0.0, 0.0, 0.0, 0.0, 0.0, 0.0, 0.0, 0.0, 0.0, 0.0, 0.0, 0.323, 0.0, 0.0, 0.0, 0.0, 0.0, 0.0, 0.0, 0.0, 0.0, 0.0, 0.0, 0.0, 0.0, 0.228, 0.0, 0.0, 0.0, 0.0, 0.0, 0.0, 0.0, 0.0, 0.0, 0.0, 0.0, 0.0, 0.0, 0.132, 0.0, 0.0, 0.0, 0.0, 0.0, 0.0, 0.0,

RAW range_oop:
[0.664, 1.0, 0.101, 0.0, 0.0, 0.0, 0.0, 0.0, 0.0, 0.0, 0.0, 0.0, 0.0, 0.0, 1.0, 0.0, 0.0, 0.0, 0.0, 0.0, 0.0, 0.0, 0.0, 0.0, 0.0, 0.0, 0.0, 0.0, 1.0, 0.0, 0.0, 0.0, 0.0, 0.0, 0.0, 0.0, 0.0, 0.0, 0.0, 0.0, 0.0, 0.0, 0.323, 0.0, 0.0, 0.0, 0.0, 0.0, 0.0, 0.0, 0.0, 0.0, 0.0, 0.0, 0.0, 0.0, 0.228, 0.0, 0.0, 0.0, 0.0, 0.0, 0.0, 0.0, 0.0, 0.0, 0.0, 0.0, 0.0, 0.0, 0.132, 0.0, 0.0, 0.0, 0.0, 0.0, 0.0, 0.0,

MONKER range_ip:
AA:0.664000,AKs:1.000000,AQs:0.101000,KK:1.000000,QQ:1.000000,JJ:0.323000,TT:0.228000,99:0.132000,88:0.229000,66:0.006000

MONKER range_oop:
AA:0.664000,AKs:1.000000,AQs:0.101000,KK:1.000000,QQ:1.000000,JJ:0.323000,TT:0.228000,99:0.132000,88:0.229000,66:0.006000
