RAW range_ip:
[0.999, 1.0, 1.0, 1.0, 0.997, 0.0, 0.996, 0.565, 0.0, 0.216, 0.01, 0.002, 0.0, 0.0, 1.0, 0.0, 0.128, 0.0, 0.0, 0.0, 0.0, 0.0, 0.0, 0.0, 0.0, 0.0, 0.0, 0.0, 1.0, 1.0, 0.867, 0.97, 0.0, 0.0, 0.0, 0.0, 0.0, 0.0, 0.0, 0.0, 0.0, 0.0, 1.0, 1.0, 0.991, 0.0, 0.0, 0.0, 0.0, 0.0, 0.0, 0.0, 0.0, 0.0, 0.0, 0.0, 1.0, 0.106, 0.0, 0.0, 0.0, 0.0, 0.0, 0.0, 0.0, 0.0, 0.0, 0.0, 0.0, 0.0, 1.0, 0.99, 0.0, 0.0, 0.0, 0

RAW range_oop:
[0.999, 1.0, 1.0, 1.0, 0.245, 1.0, 1.0, 0.0, 0.0, 0.985, 0.37, 0.0, 0.0, 0.0, 1.0, 0.0, 0.001, 0.978, 0.018, 0.0, 0.0, 0.0, 0.0, 0.0, 0.0, 0.0, 0.0, 0.0, 1.0, 0.999, 1.0, 0.776, 0.0, 0.0, 0.0, 0.0, 0.0, 0.0, 0.0, 0.0, 0.0, 0.0, 1.0, 1.0, 0.157, 0.0, 0.0, 0.0, 0.0, 0.0, 0.0, 0.0, 0.0, 0.0, 0.0, 0.0, 1.0, 0.544, 0.0, 0.0, 0.0, 0.0, 0.0, 0.0, 0.0, 0.0, 0.0, 0.0, 0.0, 0.0, 1.0, 0.134, 0.0, 0.0, 0.0, 0

MONKER range_ip:
AA:0.999000,AKs:1.000000,AQs:1.000000,AJs:1.000000,ATs:0.997000,A8s:0.996000,A7s:0.565000,A5s:0.216000,A4s:0.010000,A3s:0.002000,KK:1.000000,KJs:0.128000,QQ:1.000000,QJs:1.000000,QTs:0.867000,Q9s:0.970000,JJ:1.000000,JTs:1.000000,J9s:0.991000,TT:1.000000,T9s:0.106000,99:1.000000,98s:0.990000,88:1.000000,87s:0.471000,77:1.000000,55:0.557000,44:0.007000

MONKER range_oop:
AA:0.999000,AKs:1.000000,AQs:1.000000,AJs:1.000000,ATs:0.245000,A9s:1.000000,A8s:1.000000,A5s:0.985000,A4s:0.370000,KK:1.000000,KJs:0.001000,KTs:0.978000,K9s:0.018000,QQ:1.000000,QJs:0.999000,QTs:1.000000,Q9s:0.776000,JJ:1.000000,JTs:1.000000,J9s:0.157000,TT:1.000000,T9s:0.544000,99:1.000000,98s:0.134000,88:1.000000,77:0.326000
